NAME : single
TYPE : ATSP
DIMENSION : 30
EDGE_WEIGHT_TYPE : EXPLICIT
EDGE_WEIGHT_FORMAT : FULL_MATRIX
EDGE_WEIGHT_SECTION
0 3325 2410 2773 3399 2067 2417 2812 2428 2361 1323 1461 1462 747 467 795 759 829 711 632 609 455 750 945 200 630 469 1197 578 1006 
0 0 941 586 255 953 556 725 784 437 1518 1508 1360 1944 2438 2301 1808 2187 1871 2030 2091 2394 1940 1847 2468 2058 2132 1608 2372 1790 
0 941 0 264 559 396 191 168 190 710 985 1557 1024 1780 2373 1984 2028 2199 1707 1714 1840 2241 1779 1785 2415 1567 1737 1321 2035 1292 
0 586 264 0 580 715 257 470 532 889 1333 1926 1278 1904 2722 2367 2413 2452 1929 1920 2207 2508 1902 2069 2579 2021 2093 1458 2407 1641 
0 255 559 580 0 1003 568 769 787 617 1704 1450 1567 2118 2805 2503 1988 2506 1980 2244 2346 2592 2115 2088 2817 2140 2348 1778 2503 1899 
0 953 396 715 1003 0 384 237 252 833 648 1443 570 1672 2163 1881 1998 1875 1600 1523 1597 1874 1668 1582 2009 1577 1391 772 1599 954 
0 556 191 257 568 384 0 140 217 717 993 1534 1057 1816 2355 1955 2033 2445 1715 1717 1848 2199 1815 1821 2441 1557 1760 1122 1979 1300 
0 725 168 470 769 237 140 0 241 700 888 1638 762 1794 2308 2050 2155 1978 1755 1588 1750 1996 1792 1783 2254 1585 1613 1032 1908 1229 
0 784 190 532 787 252 217 241 0 771 805 1521 682 1811 2270 1969 2142 2010 1768 1771 1715 2157 1844 1666 2224 1540 1564 931 1873 1111 
0 437 710 889 617 833 717 700 771 0 1052 769 883 1368 2020 1572 1371 1683 1363 1538 1601 1846 1365 1396 1977 1618 1618 1153 1775 1357 
0 1518 985 1333 1704 648 993 888 805 1052 0 705 212 1054 1290 1090 1232 1015 1154 1025 883 1112 983 859 1103 970 743 220 943 306 
0 1508 1557 1926 1450 1443 1534 1638 1521 769 705 0 775 655 986 615 651 576 735 792 815 833 691 537 1059 802 995 670 1141 756 
0 1360 1024 1278 1567 570 1057 762 682 883 212 775 0 1028 1459 1131 1294 1095 1085 956 964 1207 1087 952 1309 924 899 252 995 457 
0 1944 1780 1904 2118 1672 1816 1794 1811 1368 1054 655 1028 0 369 100 242 86 146 224 320 244 5 129 442 280 460 887 581 676 
0 2438 2373 2722 2805 2163 2355 2308 2270 2020 1290 986 1459 369 0 444 302 432 350 347 414 174 372 596 253 394 441 1103 580 868 
0 2301 1984 2367 2503 1881 1955 2050 1969 1572 1090 615 1131 100 444 0 230 150 246 314 425 291 97 135 528 380 522 900 751 694 
0 1808 2028 2413 1988 1998 2033 2155 2142 1371 1232 651 1294 242 302 230 0 239 267 395 483 307 242 363 502 448 592 1173 738 912 
0 2187 2199 2452 2506 1875 2445 1978 2010 1683 1015 576 1095 86 432 150 239 0 131 315 412 325 82 161 526 403 548 900 674 755 
0 1871 1707 1929 1980 1600 1715 1755 1768 1363 1154 735 1085 146 350 246 267 131 0 181 277 210 149 137 401 247 420 926 602 620 
0 2030 1714 1920 2244 1523 1717 1588 1771 1538 1025 792 956 224 347 314 395 315 181 0 88 172 221 335 288 100 219 770 355 563 
0 2091 1840 2207 2346 1597 1848 1750 1715 1601 883 815 964 320 414 425 483 412 277 88 0 242 320 400 300 77 155 666 293 437 
0 2394 2241 2508 2592 1874 2199 1996 2157 1846 1112 833 1207 244 174 291 307 325 210 172 242 0 248 380 207 220 301 896 447 718 
0 1940 1779 1902 2115 1668 1815 1792 1844 1365 983 691 1087 5 372 97 242 82 149 221 320 248 0 129 446 282 461 896 584 650 
0 1847 1785 2069 2088 1582 1821 1783 1666 1396 859 537 952 129 596 135 363 161 137 335 400 380 129 0 556 369 549 766 646 582 
0 2468 2415 2579 2817 2009 2441 2254 2224 1977 1103 1059 1309 442 253 528 502 526 401 288 300 207 446 556 0 343 240 890 357 709 
0 2058 1567 2021 2140 1577 1557 1585 1540 1618 970 802 924 280 394 380 448 403 247 100 77 220 282 369 343 0 188 757 361 570 
0 2132 1737 2093 2348 1391 1760 1613 1564 1618 743 995 899 460 441 522 592 548 420 219 155 301 461 549 240 188 0 619 147 437 
0 1608 1321 1458 1778 772 1122 1032 931 1153 220 670 252 887 1103 900 1173 900 926 770 666 896 896 766 890 757 619 0 757 182 
0 2372 2035 2407 2503 1599 1979 1908 1873 1775 943 1141 995 581 580 751 738 674 602 355 293 447 584 646 357 361 147 757 0 571 
0 1790 1292 1641 1899 954 1300 1229 1111 1357 306 756 457 676 868 694 912 755 620 563 437 718 650 582 709 570 437 182 571 0 
EOF