NAME : single
TYPE : ATSP
DIMENSION : 19
EDGE_WEIGHT_TYPE : EXPLICIT
EDGE_WEIGHT_FORMAT : FULL_MATRIX
EDGE_WEIGHT_SECTION
0 1319 1373 1419 1176 818 1005 1010 863 923 682 751 617 635 565 635 606 126 210 
0 0 435 445 661 692 1412 1452 1318 1450 1346 728 1100 756 50000 1103 665 1076 1145 
0 435 0 82 425 528 1903 1785 1730 1697 1506 581 1083 758 1087 1075 724 1096 1114 
0 445 82 0 471 569 1840 1856 1718 1723 1493 692 50000 802 1141 50000 778 1137 1171 
0 661 425 471 0 141 1643 1681 1541 1515 1280 298 691 366 713 718 407 695 660 
0 692 528 569 141 0 1479 1487 1345 1336 1059 292 504 208 548 524 269 534 494 
0 1412 1903 1840 1643 1479 0 49 171 295 453 1249 1181 1130 1099 1217 1026 50000 953 
0 1452 1785 1856 1681 1487 49 0 212 263 475 1288 1219 1182 1152 1237 1072 893 991 
0 1318 1730 1718 1541 1345 171 212 0 123 296 1145 1064 1071 960 1036 916 736 837 
0 1450 1697 1723 1515 1336 295 263 123 0 281 1142 1025 1047 50000 1071 933 752 796 
0 1346 1506 1493 1280 1059 453 475 296 281 0 974 777 732 722 802 784 531 549 
0 728 581 692 298 292 1249 1288 1145 1142 974 0 481 243 470 470 258 484 430 
0 1100 1083 50000 691 504 1181 1219 1064 1025 777 481 0 327 292 140 403 315 243 
0 756 758 802 366 208 1130 1182 1071 1047 732 243 327 0 348 340 157 342 306 
0 50000 1087 1141 713 548 1099 1152 960 50000 722 470 292 348 0 151 332 219 173 
0 1103 1075 50000 718 524 1217 1237 1036 1071 802 470 140 340 151 0 380 287 224 
0 665 724 778 407 269 1026 1072 916 933 784 258 403 157 332 380 0 342 392 
0 1076 1096 1137 695 534 50000 893 736 752 531 484 315 342 219 287 342 0 119 
0 1145 1114 1171 660 494 953 991 837 796 549 430 243 306 173 224 392 119 0 
EOF